[部位][套裝][攻擊][攻擊%][生命][生命%][防禦][防禦%][暴擊][暴傷][命中][抵抗][速度]
w 生命 515 0 601 22 0 0 0 0 13 5 0
w 攻擊 515 12 0 0 0 0 4 0 0 11 12
w 生命 515 25 0 15 0 0 5 13 0 0 0
w 生命 515 12 0 0 0 0 0 0 24 22 4
w 速度 515 20 0 9 0 0 16 0 0 0 9
w 生命 515 0 0 13 0 0 0 28 0 14 3
w 生命 515 14 0 0 0 0 0 11 0 19 8
w 速度 515 18 0 18 0 0 12 0 0 0 11
w 速度 500 0 157 0 0 0 22 5 14 0 0
w 速度 500 22 0 0 0 0 0 0 21 5 3
w 攻擊 500 0 0 6 0 0 0 10 0 13 12
w 速度 500 8 0 39 0 0 0 6 0 5 0
w 吸血 500 12 0 4 0 0 9 0 0 0 13
w 反擊 500 10 0 0 0 0 12 11 10 0 0
w 反擊 500 13 0 6 0 0 0 0 20 13 0
w 速度 500 0 190 19 0 0 0 18 8 0 0
w 攻擊 500 0 178 20 0 0 7 13 0 0 0
w 防禦 500 6 0 18 0 0 8 0 15 0 0
w 免疫 500 15 0 16 0 0 0 8 0 8 0
w 速度 500 4 0 0 0 0 0 6 26 10 0
w 攻擊 500 4 0 0 0 0 7 21 4 0 0
w 攻擊 440 13 0 0 0 0 14 0 12 0 4
w 防禦 440 0 0 17 0 0 5 0 12 0 5
w 速度 440 0 0 0 0 0 12 12 4 0 3
w 生命 440 0 313 19 0 0 0 0 12 0 5
w 憤怒 440 11 0 10 0 0 8 7 0 0 0
w 吸血 440 13 0 6 0 0 8 0 0 0 9
w 命中 440 13 0 14 0 0 0 0 23 7 0
w 生命 425 11 0 20 0 0 7 0 0 11 0
w 憤怒 440 21 0 0 0 0 9 5 0 0 3
w 破滅 500 0 0 5 0 0 4 12 0 0 8
w 攻擊 330 16 116 0 0 0 10 0 0 0 2
h 速度 0 0 2765 10 0 21 0 0 0 6 7
h 攻擊 0 13 2765 0 0 0 0 0 5 17 11
h 生命 0 0 2700 32 67 0 0 4 0 4 0
h 命中 0 0 2700 21 33 0 0 0 0 19 6
h 吸血 0 21 2700 5 0 0 7 0 0 0 10
h 夾攻 0 12 2700 25 0 0 0 13 0 0 3
h 防禦 0 5 2700 22 0 0 13 0 0 12 0
h 命中 68 0 2700 0 0 7 0 18 0 0 10
h 免疫 0 19 2700 6 0 0 5 0 17 0 0
h 速度 0 0 2700 18 0 8 12 5 0 0 0
h 命中 0 8 2700 0 0 5 0 19 0 0 8
h 速度 0 0 2700 13 0 0 9 0 19 8 0h 反擊 0 0 2700 15 31 0 0 0 13 20 0h 攻擊 0 11 2700 12 0 0 0 18 6 0 0h 速度 0 7 2700 0 0 10 0 0 0 23 7h 速度 0 0 2700 0 0 5 4 25 9 0 0h 憤怒 0 12 2295 0 0 20 0 10 0 0 3h 速度 40 0 2700 27 0 0 0 0 12 5 0h 暴擊 75 10 2700 0 0 10 0 13 0 0 0h 速度 0 11 2360 10 0 12 0 0 0 0 7h 速度 0 13 2360 0 0 9 8 10 0 0 0h 吸血 0 10 2360 23 0 0 8 0 0 0 3h 攻擊 0 20 2360 7 0 0 7 0 0 0 10h 生命 0 0 2295 22 0 10 0 0 0 5 6h 攻擊 0 17 2360 0 0 0 7 6 0 0 9h 破滅 0 10 2360 0 49 9 0 12 0 0 0h 攻擊 0 15 1760 0 0 11 3 0 0 0 4h 生命 0 0 2125 18 0 9 10 0 0 7 0a 反擊 0 0 0 16 310 0 11 6 0 0 14a 反擊 0 0 0 9 310 0 0 14 17 23 0a 免疫 0 0 0 17 310 30 6 0 0 0 9a 攻擊 0 0 0 21 310 8 13 13 0 0 0a 速度 0 0 0 6 300 17 0 6 0 13 0a 暴擊 0 0 379 0 300 10 13 7 0 0 0a 命中 0 0 0 11 300 12 12 0 0 4 0a 吸血 0 0 0 29 300 8 0 9 0 5 0a 速度 0 0 0 4 300 17 17 0 0 0 4a 吸血 0 0 0 5 300 0 5 0 19 0 13a 生命 0 0 0 13 250 12 0 0 16 13 0a 速度 0 0 0 18 300 0 9 5 11 0 0a 速度 0 0 0 18 300 0 0 0 6 15 6a 生命 0 0 0 12 300 0 3 0 0 17 4a 吸血 0 0 158 0 300 0 5 20 0 0 9a 免疫 0 0 0 21 300 0 3 7 8 0 0a 速度 0 0 168 0 300 0 0 25 0 12 3a 速度 0 0 320 0 300 7 0 25 0 0 4a 速度 0 0 0 7 300 0 0 10 0 5 10a 抵抗 0 0 0 0 260 7 0 0 7 25 4a 速度 0 0 0 7 250 13 6 0 0 0 12a 速度 0 0 0 18 250 7 12 0 0 0 4a 速度 0 0 0 7 250 14 10 0 0 0 10a 反擊 0 0 0 6 260 27 5 0 0 6 0a 攻擊 0 0 0 7 260 0 6 14 0 0 5n 速度 0 0 0 65 0 0 9 0 11 6 15n 攻擊 0 0 0 18 0 0 60 10 0 9 5n 暴擊 118 4 0 14 0 0 7 65 0 0 0n 夾攻 173 8 0 12 0 10 0 65 0 0 0n 免疫 0 14 0 0 0 7 9 65 0 0 10n 吸血 0 60 0 16 0 0 7 0 6 0 12n 命中 0 0 0 5 0 60 7 0 0 26 7n 速度 0 0 0 6 0 15 11 65 8 0 0n 暴擊 0 50 0 16 28 11 8 0 0 0 0n 暴擊 0 20 0 10 0 0 4 55 11 0 0n 速度 0 0 0 60 29 0 0 8 0 20 5n 反擊 0 0 0 0 0 7 55 0 25 7 5n 命中 0 20 186 60 0 0 0 13 0 0 4n 暴擊 0 21 0 13 0 0 7 55 7 0 0n 命中 0 0 345 60 0 10 0 0 13 11 0n 生命 0 6 0 60 60 0 0 0 19 0 7n 速度 0 60 351 15 0 0 3 10 0 0 0n 命中 0 8 0 0 0 16 55 19 7 0 0n 命中 32 12 0 0 0 0 10 65 0 0 10n 攻擊 0 14 186 0 0 20 55 10 0 0 0n 反擊 0 9 0 60 26 0 7 0 19 0 0n 免疫 41 0 0 60 27 11 0 0 19 0 0n 速度 0 14 342 0 0 0 0 65 0 4 11n 速度 106 11 0 0 29 0 55 12 0 0 0n 速度 0 0 0 50 0 10 8 0 14 0 5n 夾攻 0 50 0 20 0 0 4 0 7 0 11n 吸血 0 50 0 15 0 0 4 0 17 0 5n 速度 0 11 0 50 25 0 0 9 0 0 9n 速度 0 0 0 0 71 50 0 0 18 6 3n 速度 0 12 0 5 0 5 0 65 0 0 6n 抵抗 0 23 0 0 23 4 45 0 14 0 0n 暴擊 0 6 0 0 0 0 55 4 11 0 2r 攻擊 0 65 0 0 0 0 9 5 25 9 0r 速度 0 18 0 15 0 0 5 0 65 0 6r 攻擊 0 60 520 0 0 0 0 17 0 4 6r 反擊 67 12 0 0 33 0 0 18 60 0 0r 免疫 0 13 0 60 0 7 8 0 0 20 0r 命中 0 13 0 0 0 10 0 0 19 60 3r 速度 34 9 0 17 0 60 0 0 17 0 0r 吸血 0 60 0 19 0 0 3 0 6 0 13r 速度 0 0 174 60 33 0 0 0 37 7 0r 暴擊 0 0 178 60 0 0 0 16 16 13 0r 免疫 0 0 557 0 0 14 9 10 60 0 0r 暴擊 0 15 0 12 0 13 0 18 60 0 0r 反擊 0 0 168 60 0 0 20 0 0 6 6r 速度 0 0 318 60 0 13 5 0 0 12 0r 攻擊 0 50 0 16 0 0 6 6 0 0 9r 暴擊 0 0 290 18 0 6 8 0 50 0 0r 攻擊 0 60 0 0 0 0 4 0 16 6 10r 速度 0 0 0 13 31 60 0 0 22 0 3r 命中 0 60 0 0 0 0 5 17 6 19 0r 速度 0 7 0 20 0 0 0 7 60 14 0r 速度 0 0 0 60 54 13 0 0 13 7 0r 速度 0 0 0 50 0 12 7 0 0 14 5r 防禦 0 0 0 11 0 50 10 0 0 18 3r 暴擊 0 50 0 11 0 14 0 6 0 0 8r 吸血 0 50 0 6 0 0 9 0 12 0 6r 速度 37 50 0 0 0 10 12 12 0 0 0r 速度 0 0 0 11 0 16 0 0 50 12 3r 暴擊 31 60 0 0 46 0 0 6 0 6 0r 暴擊 40 40 0 0 0 0 5 13 10 0 0b 暴擊 66 12 0 12 0 13 0 0 0 0 40b 攻擊 0 65 0 9 0 0 9 9 0 16 0b 免疫 141 7 621 65 0 0 0 0 0 14 0b 暴擊 0 6 0 60 31 0 23 0 15 0 0b 暴擊 0 60 0 0 0 9 0 6 11 0 11b 生命 0 0 0 60 59 13 0 13 0 0 7b 反擊 79 0 0 0 0 0 4 0 12 22 40b 防禦 78 0 0 0 93 20 3 0 0 0 40b 反擊 0 16 0 60 89 0 0 0 12 0 4b 吸血 0 60 0 10 0 0 4 0 23 0 6b 速度 0 60 0 0 0 0 3 12 12 14 0b 速度 0 0 0 0 29 0 8 0 11 16 40b 攻擊 0 60 0 0 0 0 8 11 0 13 5b 命中 32 0 0 0 0 4 15 0 19 0 40b 速度 0 0 0 60 0 12 13 7 0 0 7b 速度 0 12 177 0 0 21 0 0 0 12 40b 夾攻 0 60 0 0 32 0 0 21 8 0 4b 反擊 0 0 0 0 0 10 6 0 9 11 40b 速度 0 10 172 0 0 0 12 0 0 12 40b 速度 108 6 0 0 0 0 10 0 0 8 40b 速度 0 10 151 0 0 0 15 8 0 0 35b 憤怒 35 50 0 0 0 0 8 18 0 11 0b 暴擊 0 60 0 7 0 0 13 10 12 0 0b 吸血 0 50 0 20 0 0 2 0 24 0 2b 速度 0 11 0 16 0 12 7 0 0 0 35b 速度 0 21 157 17 0 0 0 0 6 0 35b 暴擊 0 5 413 11 0 0 11 0 0 0 35